# Hong Kong HKEX Hisse Listesi
# Yeni hisse eklemek için buraya ekle ve GitHub'a yükle

# Hang Seng Index + Büyük Şirketler
0700
0941
0005
1299
2318
0388
1398
3988
0939
0883
2628
0386
0857
0016
0011
0001
0002
0003
0006
0012
0017
0019
0023
0027
0066
0083
0101
0135
0144
0151
0175
0241
0267
0285
0288
0291
0358
0371
0522
0570
0656
0659
0669
0688
0762
0823
0836
0868
0914
0960
0992
1024
1038
1044
1093
1109
1113
1171
1177
1199
1288
1308
1357
1378
1810
1876
1918
1928
1997
2007
2018
2020
2313
2319
2382
2388
2800
3328
3618
3690
6098
6618
6837
6862
9888
9999
0004
0007
0008
0009
0010
0013
0014
0015
0018
0020
0021
0022
0024
0025
0026
0028
0029
0030
0031
0032
0033
0034
0035
0036
0037
0038
0039
0040
0041
0042
0043
0044
0045
0046
0047
0048
0049
0050
0051
0052
0053
0054
0055
0056
0057
0058
0059
0060
0061
0062
0063
0064
0065
0067
0068
0069
0070
0071
0072
0073
0074
0075
0076
0077
0078
0079
0080
0081
0082
0084
0085
0086
0087
0088
0089
0090
0091
0092
0093
0094
0095
0096
0097
0098
0099
0100
