3747
548A
5036
7294
7888
7949
7296
456A
7608
8920
8281
4890
4051
7384
6539
9726
8278
5930
7908
4220
4053
9279
6328
6627
4187
8097
414A
2874
7846
9605
3569
3850
7065
6157
2694
9405
6658
2666
4763
4375
3034
4572
6336
4691
3950
8835
8125
8153
6486
3151
6588
7972
4041
7860
2220
9551
3657
1950
3091
1443
7806
2594
6167
5659
5121
7095
5010
8218
4008
6615
4599
2815
3201
438A
3676
7059
9160
4611
6617
478A
1929
5240
6182
6929
4263
8154
3915
8624
3193
9678
6737
3963
6036
8117
8283
8370
4772
6914
3475
4371
9336
5981
8200
3121
8163
2590
4665
1979
8818
3856
6875
4125
9037
2461
3266
4318
8098
6039
8511
4885
7917
6266
7513
4265
3940
4919
5218
6668
3076
7734
4997
1968
3449
7994
5851
7856
6191
4839
4170
8150
6047
4406
8173
4634
7271
8057
3182
2938
7409
7247
8142
6287
3543
368A
3678
5367
7022
3692
4274
5129
8070
2292
3271
3891
2345
3232
1926
6118
3093
4095
8129
8007
3696
9212
6379
219A
9560
7745
6699
8043
9882
4490
546A
2378
6349
4575
1711
7970
8946
3236
1898
8285
9010
4686
4237
8424
4479
8165
8746
477A
1934
8518
8707
5588
6474
1873
9557
8912
6572
3137
1879
6806
8803
2975
7725
3836
4549
3168
4664
1820
6507
3663
7981
4548
9543
5444
6332
4189
9514
9409
4099
9158
3446
9204
5331
8892
1946
2351
8276
6184
2326
7278
367A
9979
3843
544A
9934
3431
9303
1377
6071
296A
8022
6516
7354
3333
2908
196A
4709
2270
3741
7606
7864
6622
3807
4228
8522
4448
9708
8051
7965
4461
4176
6201
4849
9628
3539
3036
6742
3939
4828
1723
8217
7821
6707
6345
9987
6099
6794
5574
9436
6535
6961
1844
6741
3989
6457
277A
3686
2685
3665
1870
2193
7456
3133
6810
2301
6418
6995
4316
6181
6222
6523
4092
5932
6800
5989
7287
2810
4431
4530
262A
471A
8361
6644
6419
6552
3179
8881
4620
2686
8887
1833
6464
4579
7138
2734
9031
1952
4914
6371
7595
9511
6327
4516
9534
9423
3113
2760
1815
1429
3900
8185
2681
3148
9332
4956
9889
6343
5288
7246
5535
7183
4813
5137
8708
8214
4935
1822
9211
4118
4825
4116
2121
4212
3491
446A
2792
5949
7744
7224
3694
2154
2918
5133
4493
6652
7776
7717
1663
9470
5232
3496
7184
6173
6309
3558
8544
3097
1961
5216
264A
9474
6840
3134
6339
7105
4933
3360
9830
9401
3845
9072
5702
9956
7780
9270
3245
3968
5889
6750
4892
336A
7685
3284
4840
9302
5208
1945
9793
2201
7818
6508
4432
4971
6807
8613
7273
5343
2929
9832
8706
4222
2440
8399
9936
6363
5970
2926
9065
5699
166A
8919
8050
3031
9119
7226
7575
299A
4521
3964
8923
3997
2656
5204
255A
3087
3397
7157
3433
5445
4055
6469
6856
8194
4960
7716
6273
6804
3104
3864
6166
6183
7552
2749
409A
7545
3409
6458
256A
7871
135A
7988
4893
2659
9229
6994
7897
4284
5703
6376
9978
4765
3753
9274
4967
8130
2327
5715
8622
4071
4657
7947
3798
7692
2491
6226
5384
3624
7760
7915
4483
3679
2354
1518
6013
8934
7613
6298
9364
1959
3647
4633
7199
6238
6016
7564
3185
3046
3612
8179
6769
6454
3196
7571
8392
2296
4260
4974
6524
1909
2001
9759
4826
4047
2206
9980
6440
8393
7048
1720
3903
6670
7839
5408
7711
3591
8032
9003
167A
4598
3549
9045
2928
6862
4891
6745
2175
1417
3323
2330
2695
4829
8345
5344
7280
3002
9842
462A
8103
6143
5714
7352
9704
3053
8771
6058
8141
4082
7412
6728
2980
6240
3167
417A
2602
5482
4882
9743
9722
8841
206A
7241
4246
7240
3415
5602
4722
6721
6436
7966
7322
9861
4617
6258
3911
5698
9268
3445
8609
4544
4540
8562
9706
8508
3083
9535
6196
3765
3844
7826
6347
2607
7172
2811
9552
4449
7458
4800
6946
9076
5590
8242
4480
7512
5269
2395
4583
6197
3107
4107
7803
9627
3443
5947
9416
6625
7318
7164
2782
1852
9044
4194
7600
3776
6331
5817
3222
4413
8927
2673
6093
7313
8377
5901
4290
3479
4203
9716
7615
4552
7616
9517
7727
9227
9168
5541
1882
6584
4023
2884
4206
6387
4889
2702
7459
5832
9682
3769
332A
7085
3719
3288
8253
6817
4887
6101
8174
6951
4978
8237
3865
3632
8367
4631
4475
6834
5255
6368
2982
2229
1887
6103
2875
6996
3237
2930
3762
5393
198A
9449
3191
4419
9069
3101
7730
6480
6986
3668
6465
4626
8595
5707
6803
2170
4819
3880
7771
6255
7063
9247
9744
6787
350A
6208
1447
4571
4812
2157
338A
8227
4401
7593
2282
3010
4446
9468
2764
9757
6134
6425
5381
7729
4046
4883
6088
6544
7931
6814
7740
8418
7381
4716
8386
4045
3810
9989
4272
4816
8600
2124
6786
4714
3905
153A
5929
2222
2730
8614
8111
9997
9553
2767
2531
6407
3028
4369
6412
5451
9001
7309
6278
7906
2168
4676
6958
8439
7859
4996
6005
4922
4043
8061
8425
2158
5805
2784
8336
7245
549A
287A
8078
5105
9507
4681
7971
9090
3349
2809
3048
6731
1786
9766
8894
6962
6849
1719
7373
3687
6395
1885
5463
4293
6855
2264
1333
8282
6370
2587
6835
3661
3673
3050
8876
6925
3186
3189
4591
7867
6923
4403
7282
9142
6498
4392
4425
2370
8381
2437
3291
5262
5027
6521
4165
2212
7550
4927
8570
5423
7581
4576
6727
8585
8550
4114
6081
8346
1801
4088
3563
4477
8354
4275
3608
6941
7630
9404
4368
2962
9006
2379
4733
5253
2667
6632
8020
5233
5101
2321
3672
4527
4021
6177
5727
1808
6481
4776
1951
7071
4373
8012
8358
3116
2670
1980
6777
190A
6254
2931
8628
1435
3498
6473
5563
558A
7721
6200
8056
9513
8016
4536
7337
4344
523A
5214
1944
6432
6448
8273
7383
5857
7746
8226
6666
7603
6999
7276
3941
5246
7984
429A
2120
6302
8897
7868
8088
2579
9418
3962
2776
2002
6861
6653
3132
5471
8789
4586
4613
1515
8304
281A
7189
6264
8341
5244
9533
6203
247A
6838
4584
6629
6055
4324
3825
6586
9603
2593
7389
2331
6871
1414
6023
3777
4028
4205
6268
8783
8219
3993
6367
1721
2433
4523
1860
8086
9041
4587
8848
1861
5830
7599
7610
8715
197A
7794
4784
7177
7741
4022
1969
3105
4881
2678
6841
2334
3840
4582
5711
4091
4592
9610
2871
3660
6217
9048
6324
7180
7956
7380
8252
4578
5332
5201
9301
6703
2269
9166
2897
2768
6775
2471
6592
9616
1942
6136
7649
6269
5334
5741
1407
6573
8368
7709
4208
2317
9064
5021
9505
9532
2484
4912
4588
2337
9962
9348
5844
6768
4151
8616
5597
5631
7148
6378
4202
215A
6845
4169
6754
3853
4704
2160
6305
8366
9983
5032
9147
6997
1878
3205
4732
8107
4182
9143
5726
4061
7762
1514
6141
7004
4768
9007
3197
485A
9684
7476
2432
7912
6494
4980
3774
3387
7327
8698
9735
6574
4593
2267
6770
3681
8233
7375
4042
3635
3405
6674
5333
2338
9508
1893
6417
7747
9024
6504
7701
7238
5721
6966
2726
5991
3994
218A
6645
6113
6140
5301
4596
4452
8338
6858
4186
3626
7911
2585
4478
1925
6724
4385
6890
4666
3401
290A
6460
8309
2586
6383
9042
4259
5076
3659
9531
5706
1332
3099
141A
6522
5210
8060
6235
8359
5243
2501
4565
8804
9412
9504
6495
547A
3003
8334
6227
4180
9506
4814
2315
5955
5831
2371
6323
7951
5838
4528
8714
8015
9519
5110
4888
5985
4680
2342
8524
6479
7259
6952
2134
6619
6135
3086
8572
1928
5406
7202
2353
9101
2127
6330
6471
3391
6072
464A
9009
1802
8830
4911
3778
7527
9021
2459
7014
7735
5341
6779
8331
7832
1783
1812
8105
2901
7752
6029
9008
9399
3064
3863
7936
2492
278A
6965
9973
6433
1803
9697
9502
7779
7186
7167
9023
7419
7181
6659
3110
7719
4833
4751
4422
8697
8591
4651
9022
4507
9104
5074
4684
8795
4204
4594
3289
4519
3038
6315
6753
9020
3088
2195
4183
5713
8035
8630
1963
2802
8473
3315
5202
6590
5856
9424
7733
9005
8053
6963
8725
4443
4612
6326
1911
6356
6532
8802
6976
6988
6361
3923
3231
6301
6869
7731
7453
7270
543A
8002
6506
8593
3402
9509
5108
6594
9107
9503
4502
2503
4004
2801
5938
6971
3092
268A
8601
4503
9602
6366
3664
4901
6525
6146
5801
2413
3667
1662
9201
554A
3407
7220
8410
3861
9202
9843
6920
7751
4902
6276
9831
4307
5411
6472
7269
7272
5019
4063
7182
7777
7003
6085
3823
186A
4568
6954
402A
3444
2914
6178
4062
8766
2181
6902
4188
7261
4543
2502
4563
3382
8031
5802
3070
8801
7974
8411
6503
5020
4661
4005
6098
2146
6701
7532
6752
8604
4884
8113
7256
6702
7211
9433
4755
6857
8750
6981
8058
1605
6993
8303
6232
8001
3436
6762
8316
3697
8267
4689
7267
6613
3656
7013
7012
4506
8136
8308
6758
6501
7201
3103
7203
5401
6526
3350
5016
6723
3936
7011
8306
285A
5803
6740
4597
9501
9434
9984
4564
9432
8918
8729
